# oST version 5.0 parameters


[image]

width
640

height
480

[narrow_stereo]

camera matrix
377.773196 0.000000 328.155227
0.000000 378.972249 244.913061
0.000000 0.000000 1.000000

distortion
-0.283917 0.066344 0.000142 0.000275 0.000000

rectification
1.000000 0.000000 0.000000
0.000000 1.000000 0.000000
0.000000 0.000000 1.000000

projection
280.929321 0.000000 333.436457 0.000000
0.000000 327.950562 246.249114 0.000000
0.000000 0.000000 1.000000 0.000000
