image_width: 640
image_height: 480
camera_name: narrow_stereo
camera_matrix:
  rows: 3
  cols: 3
  data: [377.7732 ,   0.     , 328.15523,
           0.     , 378.97225, 244.91306,
           0.     ,   0.     ,   1.     ]
distortion_model: plumb_bob
distortion_coefficients:
  rows: 1
  cols: 5
  data: [-0.283917, 0.066344, 0.000142, 0.000275, 0.000000]
rectification_matrix:
  rows: 3
  cols: 3
  data: [1., 0., 0.,
         0., 1., 0.,
         0., 0., 1.]
projection_matrix:
  rows: 3
  cols: 4
  data: [280.92932,   0.     , 333.43646,   0.     ,
           0.     , 327.95056, 246.24911,   0.     ,
           0.     ,   0.     ,   1.     ,   0.     ]
